../input_graphs/mc_er_inputs//er_4800_48.in,20984,3,4800,230400,221.651251,7.974698,54,low,6400
../input_graphs/mc_er_inputs//er_4800_48.in,8991,3,4800,230400,223.574881,3.003514,54,low,6400
../input_graphs/mc_er_inputs//er_4800_48.in,18509,3,4800,230400,230.365787,7.713061,54,low,6400
../input_graphs/mc_er_inputs//er_4800_48.in,28310,3,4800,230400,241.602448,18.355516,54,low,6400
../input_graphs/mc_er_inputs//er_4800_48.in,19950,3,4800,230400,223.946371,13.448415,54,low,6400
../input_graphs/mc_er_inputs//er_4800_48.in,23162,4,4800,230400,178.412696,0.486730,41,low,6400
../input_graphs/mc_er_inputs//er_4800_48.in,9519,4,4800,230400,172.799461,0.483739,41,low,6400
../input_graphs/mc_er_inputs//er_4800_48.in,15379,4,4800,230400,179.498955,0.483826,41,low,6400
../input_graphs/mc_er_inputs//er_4800_48.in,15761,4,4800,230400,171.399160,2.112846,41,low,6400
../input_graphs/mc_er_inputs//er_4800_48.in,1553,4,4800,230400,184.539161,14.540695,41,low,6400
../input_graphs/mc_er_inputs//er_4800_48.in,31978,5,4800,230400,147.896695,7.752894,33,low,6400
../input_graphs/mc_er_inputs//er_4800_48.in,2060,5,4800,230400,145.298694,0.932765,33,low,6400
../input_graphs/mc_er_inputs//er_4800_48.in,22534,5,4800,230400,144.786615,15.225968,33,low,6400
../input_graphs/mc_er_inputs//er_4800_48.in,2264,5,4800,230400,148.865205,11.768668,33,low,6400
../input_graphs/mc_er_inputs//er_4800_48.in,10134,5,4800,230400,136.375175,0.492141,33,low,6400
../input_graphs/mc_er_inputs//er_4800_48.in,28166,6,4800,230400,119.736216,3.688886,27,low,6400
../input_graphs/mc_er_inputs//er_4800_48.in,26327,6,4800,230400,117.048761,6.048095,27,low,6400
../input_graphs/mc_er_inputs//er_4800_48.in,27938,6,4800,230400,116.128943,4.940201,27,low,6400
../input_graphs/mc_er_inputs//er_4800_48.in,21717,6,4800,230400,117.219467,8.209787,27,low,6400
../input_graphs/mc_er_inputs//er_4800_48.in,1060,6,4800,230400,118.691275,7.758089,27,low,6400
../input_graphs/mc_er_inputs//er_4800_48.in,3104,8,4800,230400,94.767185,7.703036,21,low,6400
../input_graphs/mc_er_inputs//er_4800_48.in,5258,8,4800,230400,91.291347,7.900966,21,low,6400
../input_graphs/mc_er_inputs//er_4800_48.in,31705,8,4800,230400,92.978681,5.641223,21,low,6400
../input_graphs/mc_er_inputs//er_4800_48.in,29347,8,4800,230400,94.861556,8.660808,21,low,6400
../input_graphs/mc_er_inputs//er_4800_48.in,17829,8,4800,230400,91.940780,6.423871,21,low,6400
../input_graphs/mc_er_inputs//er_4800_48.in,21516,10,4800,230400,76.132121,7.682752,17,low,6400
../input_graphs/mc_er_inputs//er_4800_48.in,878,10,4800,230400,81.878194,20.281294,17,low,6400
../input_graphs/mc_er_inputs//er_4800_48.in,24671,10,4800,230400,79.011487,7.070765,17,low,6400
../input_graphs/mc_er_inputs//er_4800_48.in,2477,10,4800,230400,78.588991,4.345108,17,low,6400
../input_graphs/mc_er_inputs//er_4800_48.in,29110,10,4800,230400,76.965743,9.334212,17,low,6400
../input_graphs/mc_er_inputs//er_4800_48.in,31017,12,4800,230400,62.873452,2.689083,14,low,6400
../input_graphs/mc_er_inputs//er_4800_48.in,30571,12,4800,230400,65.701250,6.176077,14,low,6400
../input_graphs/mc_er_inputs//er_4800_48.in,6068,12,4800,230400,65.425907,11.520139,14,low,6400
../input_graphs/mc_er_inputs//er_4800_48.in,19691,12,4800,230400,65.398503,7.419760,14,low,6400
../input_graphs/mc_er_inputs//er_4800_48.in,23564,12,4800,230400,65.114085,8.059256,14,low,6400
../input_graphs/mc_er_inputs//er_4800_48.in,15348,16,4800,230400,54.472589,10.973297,11,low,6400
../input_graphs/mc_er_inputs//er_4800_48.in,11626,16,4800,230400,56.814258,5.557568,11,low,6400
../input_graphs/mc_er_inputs//er_4800_48.in,11656,16,4800,230400,56.569819,10.185579,11,low,6400
../input_graphs/mc_er_inputs//er_4800_48.in,16343,16,4800,230400,59.411977,14.168111,11,low,6400
../input_graphs/mc_er_inputs//er_4800_48.in,22170,16,4800,230400,54.889978,16.256727,11,low,6400
