../input_graphs/mc_er_inputs//er_3200_32.in,31858,3,3200,102400,167.516113,0.192186,49,low,3400
../input_graphs/mc_er_inputs//er_3200_32.in,8988,3,3200,102400,166.033055,0.190965,49,low,3400
../input_graphs/mc_er_inputs//er_3200_32.in,12233,3,3200,102400,166.171828,0.191153,49,low,3400
../input_graphs/mc_er_inputs//er_3200_32.in,16344,3,3200,102400,167.151990,0.191411,49,low,3400
../input_graphs/mc_er_inputs//er_3200_32.in,6872,3,3200,102400,168.303452,1.709524,49,low,3400
../input_graphs/mc_er_inputs//er_3200_32.in,4639,4,3200,102400,126.418477,4.071479,37,low,3400
../input_graphs/mc_er_inputs//er_3200_32.in,17830,4,3200,102400,126.682950,2.648220,37,low,3400
../input_graphs/mc_er_inputs//er_3200_32.in,12162,4,3200,102400,126.414551,0.226066,37,low,3400
../input_graphs/mc_er_inputs//er_3200_32.in,1057,4,3200,102400,125.923328,0.224466,37,low,3400
../input_graphs/mc_er_inputs//er_3200_32.in,8257,4,3200,102400,127.424040,0.222246,37,low,3400
../input_graphs/mc_er_inputs//er_3200_32.in,14965,5,3200,102400,99.982269,1.983960,29,low,3400
../input_graphs/mc_er_inputs//er_3200_32.in,30764,5,3200,102400,98.611697,3.486325,29,low,3400
../input_graphs/mc_er_inputs//er_3200_32.in,8631,5,3200,102400,99.937787,2.689569,29,low,3400
../input_graphs/mc_er_inputs//er_3200_32.in,31630,5,3200,102400,98.339106,0.967924,29,low,3400
../input_graphs/mc_er_inputs//er_3200_32.in,16293,5,3200,102400,99.947355,2.824487,29,low,3400
../input_graphs/mc_er_inputs//er_3200_32.in,10645,6,3200,102400,85.685011,4.360472,25,low,3400
../input_graphs/mc_er_inputs//er_3200_32.in,12335,6,3200,102400,84.808597,1.080899,25,low,3400
../input_graphs/mc_er_inputs//er_3200_32.in,1886,6,3200,102400,85.182634,1.580554,25,low,3400
../input_graphs/mc_er_inputs//er_3200_32.in,16755,6,3200,102400,85.542762,1.352508,25,low,3400
../input_graphs/mc_er_inputs//er_3200_32.in,32732,6,3200,102400,84.234002,2.466905,25,low,3400
../input_graphs/mc_er_inputs//er_3200_32.in,27156,8,3200,102400,65.952328,1.758604,19,low,3400
../input_graphs/mc_er_inputs//er_3200_32.in,18464,8,3200,102400,65.326967,0.335653,19,low,3400
../input_graphs/mc_er_inputs//er_3200_32.in,18446,8,3200,102400,64.976081,1.484118,19,low,3400
../input_graphs/mc_er_inputs//er_3200_32.in,4053,8,3200,102400,66.030101,1.182832,19,low,3400
../input_graphs/mc_er_inputs//er_3200_32.in,923,8,3200,102400,65.979208,1.689015,19,low,3400
../input_graphs/mc_er_inputs//er_3200_32.in,18388,10,3200,102400,53.129333,2.993599,15,low,3400
../input_graphs/mc_er_inputs//er_3200_32.in,26544,10,3200,102400,52.146335,3.754179,15,low,3400
../input_graphs/mc_er_inputs//er_3200_32.in,29503,10,3200,102400,53.747204,4.361101,15,low,3400
../input_graphs/mc_er_inputs//er_3200_32.in,19822,10,3200,102400,53.195806,1.877034,15,low,3400
../input_graphs/mc_er_inputs//er_3200_32.in,1120,10,3200,102400,51.798296,0.873309,15,low,3400
../input_graphs/mc_er_inputs//er_3200_32.in,28720,12,3200,102400,45.198134,2.709877,13,low,3400
../input_graphs/mc_er_inputs//er_3200_32.in,2206,12,3200,102400,45.480769,1.806666,13,low,3400
../input_graphs/mc_er_inputs//er_3200_32.in,21607,12,3200,102400,45.818342,1.079510,13,low,3400
../input_graphs/mc_er_inputs//er_3200_32.in,15524,12,3200,102400,46.143492,1.614656,13,low,3400
../input_graphs/mc_er_inputs//er_3200_32.in,25419,12,3200,102400,45.624433,4.262371,13,low,3400
../input_graphs/mc_er_inputs//er_3200_32.in,2985,16,3200,102400,35.162504,2.369296,10,low,3400
../input_graphs/mc_er_inputs//er_3200_32.in,11798,16,3200,102400,36.249607,2.312972,10,low,3400
../input_graphs/mc_er_inputs//er_3200_32.in,11509,16,3200,102400,38.540561,6.177884,10,low,3400
../input_graphs/mc_er_inputs//er_3200_32.in,17762,16,3200,102400,36.413385,2.763914,10,low,3400
../input_graphs/mc_er_inputs//er_3200_32.in,22705,16,3200,102400,37.644977,3.388766,10,low,3400
