../input_graphs/mc_er_inputs//er_4800_48.in,32387,3,4800,230400,225.800124,0.453657,54,low,6400
../input_graphs/mc_er_inputs//er_4800_48.in,26887,3,4800,230400,219.017264,5.145776,54,low,6400
../input_graphs/mc_er_inputs//er_4800_48.in,22753,3,4800,230400,231.516744,18.053956,54,low,6400
../input_graphs/mc_er_inputs//er_4800_48.in,10059,3,4800,230400,222.569402,1.127351,54,low,6400
../input_graphs/mc_er_inputs//er_4800_48.in,13554,3,4800,230400,218.996816,0.453798,54,low,6400
../input_graphs/mc_er_inputs//er_4800_48.in,7507,4,4800,230400,177.278649,0.489779,41,low,6400
../input_graphs/mc_er_inputs//er_4800_48.in,24866,4,4800,230400,166.243501,1.133757,41,low,6400
../input_graphs/mc_er_inputs//er_4800_48.in,15619,4,4800,230400,180.111037,4.242939,41,low,6400
../input_graphs/mc_er_inputs//er_4800_48.in,5383,4,4800,230400,172.393911,0.489710,41,low,6400
../input_graphs/mc_er_inputs//er_4800_48.in,13207,4,4800,230400,178.747015,8.880345,41,low,6400
../input_graphs/mc_er_inputs//er_4800_48.in,6904,5,4800,230400,141.370006,12.729381,33,low,6400
../input_graphs/mc_er_inputs//er_4800_48.in,4050,5,4800,230400,142.948350,7.959783,33,low,6400
../input_graphs/mc_er_inputs//er_4800_48.in,14461,5,4800,230400,139.184997,4.748644,33,low,6400
../input_graphs/mc_er_inputs//er_4800_48.in,11595,5,4800,230400,148.134991,15.944512,33,low,6400
../input_graphs/mc_er_inputs//er_4800_48.in,17752,5,4800,230400,144.659180,7.240341,33,low,6400
../input_graphs/mc_er_inputs//er_4800_48.in,12306,6,4800,230400,114.531984,4.095930,27,low,6400
../input_graphs/mc_er_inputs//er_4800_48.in,10425,6,4800,230400,117.390998,6.183153,27,low,6400
../input_graphs/mc_er_inputs//er_4800_48.in,17251,6,4800,230400,123.114042,8.534673,27,low,6400
../input_graphs/mc_er_inputs//er_4800_48.in,8232,6,4800,230400,120.469243,12.338243,27,low,6400
../input_graphs/mc_er_inputs//er_4800_48.in,16185,6,4800,230400,113.486174,15.413530,27,low,6400
../input_graphs/mc_er_inputs//er_4800_48.in,18285,8,4800,230400,94.623585,6.355047,21,low,6400
../input_graphs/mc_er_inputs//er_4800_48.in,31007,8,4800,230400,93.602613,6.935118,21,low,6400
../input_graphs/mc_er_inputs//er_4800_48.in,1475,8,4800,230400,92.111035,8.063659,21,low,6400
../input_graphs/mc_er_inputs//er_4800_48.in,25747,8,4800,230400,88.973604,11.280346,21,low,6400
../input_graphs/mc_er_inputs//er_4800_48.in,10465,8,4800,230400,90.366734,10.055818,21,low,6400
../input_graphs/mc_er_inputs//er_4800_48.in,20114,10,4800,230400,81.382866,12.711480,17,low,6400
../input_graphs/mc_er_inputs//er_4800_48.in,26913,10,4800,230400,76.998052,2.917640,17,low,6400
../input_graphs/mc_er_inputs//er_4800_48.in,8874,10,4800,230400,76.490300,13.437659,17,low,6400
../input_graphs/mc_er_inputs//er_4800_48.in,27159,10,4800,230400,74.657668,12.050826,17,low,6400
../input_graphs/mc_er_inputs//er_4800_48.in,8365,10,4800,230400,77.788762,7.106617,17,low,6400
../input_graphs/mc_er_inputs//er_4800_48.in,26984,12,4800,230400,62.423375,12.279452,14,low,6400
../input_graphs/mc_er_inputs//er_4800_48.in,26705,12,4800,230400,65.461750,11.443478,14,low,6400
../input_graphs/mc_er_inputs//er_4800_48.in,16708,12,4800,230400,64.881261,5.874090,14,low,6400
../input_graphs/mc_er_inputs//er_4800_48.in,25865,12,4800,230400,63.965339,4.381666,14,low,6400
../input_graphs/mc_er_inputs//er_4800_48.in,25541,12,4800,230400,62.023242,4.425774,14,low,6400
../input_graphs/mc_er_inputs//er_4800_48.in,14449,16,4800,230400,58.995325,13.822141,11,low,6400
../input_graphs/mc_er_inputs//er_4800_48.in,14190,16,4800,230400,60.030724,16.867762,11,low,6400
../input_graphs/mc_er_inputs//er_4800_48.in,5887,16,4800,230400,58.874665,9.903602,11,low,6400
../input_graphs/mc_er_inputs//er_4800_48.in,18691,16,4800,230400,56.443494,9.051588,11,low,6400
../input_graphs/mc_er_inputs//er_4800_48.in,30946,16,4800,230400,56.011344,12.969219,11,low,6400
