../input_graphs/mc_er_inputs//er_3200_32.in,17645,3,3200,102400,166.083930,0.192048,49,low,3400
../input_graphs/mc_er_inputs//er_3200_32.in,9611,3,3200,102400,164.918082,1.084303,49,low,3400
../input_graphs/mc_er_inputs//er_3200_32.in,20639,3,3200,102400,166.725876,3.656898,49,low,3400
../input_graphs/mc_er_inputs//er_3200_32.in,2197,3,3200,102400,167.276436,2.671483,49,low,3400
../input_graphs/mc_er_inputs//er_3200_32.in,3648,3,3200,102400,165.905637,0.191184,49,low,3400
../input_graphs/mc_er_inputs//er_3200_32.in,16299,4,3200,102400,126.299972,2.126584,37,low,3400
../input_graphs/mc_er_inputs//er_3200_32.in,30216,4,3200,102400,126.435391,0.856196,37,low,3400
../input_graphs/mc_er_inputs//er_3200_32.in,7987,4,3200,102400,125.179319,0.637830,37,low,3400
../input_graphs/mc_er_inputs//er_3200_32.in,23874,4,3200,102400,124.498614,0.222510,37,low,3400
../input_graphs/mc_er_inputs//er_3200_32.in,7432,4,3200,102400,123.453446,1.219405,37,low,3400
../input_graphs/mc_er_inputs//er_3200_32.in,2254,5,3200,102400,99.413961,2.959390,29,low,3400
../input_graphs/mc_er_inputs//er_3200_32.in,6107,5,3200,102400,99.019176,0.225887,29,low,3400
../input_graphs/mc_er_inputs//er_3200_32.in,22797,5,3200,102400,101.366986,5.207890,29,low,3400
../input_graphs/mc_er_inputs//er_3200_32.in,8196,5,3200,102400,100.043706,3.540335,29,low,3400
../input_graphs/mc_er_inputs//er_3200_32.in,2305,5,3200,102400,97.570966,1.843386,29,low,3400
../input_graphs/mc_er_inputs//er_3200_32.in,11247,6,3200,102400,85.965166,3.076558,25,low,3400
../input_graphs/mc_er_inputs//er_3200_32.in,26005,6,3200,102400,86.436087,3.654822,25,low,3400
../input_graphs/mc_er_inputs//er_3200_32.in,9452,6,3200,102400,85.666244,0.974777,25,low,3400
../input_graphs/mc_er_inputs//er_3200_32.in,13048,6,3200,102400,86.231370,1.029884,25,low,3400
../input_graphs/mc_er_inputs//er_3200_32.in,20853,6,3200,102400,86.786557,3.263758,25,low,3400
../input_graphs/mc_er_inputs//er_3200_32.in,23117,8,3200,102400,65.778032,2.867234,19,low,3400
../input_graphs/mc_er_inputs//er_3200_32.in,4038,8,3200,102400,65.463203,3.236067,19,low,3400
../input_graphs/mc_er_inputs//er_3200_32.in,11784,8,3200,102400,64.593826,2.832778,19,low,3400
../input_graphs/mc_er_inputs//er_3200_32.in,11930,8,3200,102400,66.371055,0.760509,19,low,3400
../input_graphs/mc_er_inputs//er_3200_32.in,812,8,3200,102400,66.135608,2.479629,19,low,3400
../input_graphs/mc_er_inputs//er_3200_32.in,29720,10,3200,102400,52.201157,1.966632,15,low,3400
../input_graphs/mc_er_inputs//er_3200_32.in,4968,10,3200,102400,52.465991,2.607823,15,low,3400
../input_graphs/mc_er_inputs//er_3200_32.in,12413,10,3200,102400,51.750549,0.840078,15,low,3400
../input_graphs/mc_er_inputs//er_3200_32.in,31522,10,3200,102400,53.700218,2.546085,15,low,3400
../input_graphs/mc_er_inputs//er_3200_32.in,11021,10,3200,102400,52.274854,1.067872,15,low,3400
../input_graphs/mc_er_inputs//er_3200_32.in,30961,12,3200,102400,45.795441,0.650035,13,low,3400
../input_graphs/mc_er_inputs//er_3200_32.in,19489,12,3200,102400,46.952164,2.580561,13,low,3400
../input_graphs/mc_er_inputs//er_3200_32.in,13145,12,3200,102400,45.217202,1.080783,13,low,3400
../input_graphs/mc_er_inputs//er_3200_32.in,8834,12,3200,102400,44.987068,1.374372,13,low,3400
../input_graphs/mc_er_inputs//er_3200_32.in,8555,12,3200,102400,44.898944,4.095169,13,low,3400
../input_graphs/mc_er_inputs//er_3200_32.in,13825,16,3200,102400,39.397729,6.021066,10,low,3400
../input_graphs/mc_er_inputs//er_3200_32.in,470,16,3200,102400,40.357090,6.140026,10,low,3400
../input_graphs/mc_er_inputs//er_3200_32.in,14211,16,3200,102400,38.496609,7.169035,10,low,3400
../input_graphs/mc_er_inputs//er_3200_32.in,2585,16,3200,102400,39.269109,4.777318,10,low,3400
../input_graphs/mc_er_inputs//er_3200_32.in,5631,16,3200,102400,40.373833,5.048539,10,low,3400
