../input_graphs/mc_er_inputs/er_1600_32.in,25419,3,1600,51200,146.035266,4.679290,22,low,4200
../input_graphs/mc_er_inputs/er_1600_32.in,2248,3,1600,51200,134.876831,0.084363,22,low,4200
../input_graphs/mc_er_inputs/er_1600_32.in,10500,3,1600,51200,140.756355,0.085548,22,low,4200
../input_graphs/mc_er_inputs/er_1600_32.in,24299,3,1600,51200,141.356290,0.084200,22,low,4200
../input_graphs/mc_er_inputs/er_1600_32.in,12504,3,1600,51200,135.123442,5.735503,22,low,4200
../input_graphs/mc_er_inputs/er_1600_32.in,17035,4,1600,51200,101.784189,1.154072,16,low,4200
../input_graphs/mc_er_inputs/er_1600_32.in,25421,4,1600,51200,99.200641,0.697583,16,low,4200
../input_graphs/mc_er_inputs/er_1600_32.in,29825,4,1600,51200,105.103460,5.421272,16,low,4200
../input_graphs/mc_er_inputs/er_1600_32.in,31897,4,1600,51200,96.529943,1.819966,16,low,4200
../input_graphs/mc_er_inputs/er_1600_32.in,8994,4,1600,51200,99.096610,4.455940,16,low,4200
../input_graphs/mc_er_inputs/er_1600_32.in,10721,5,1600,51200,99.489442,2.086432,13,low,4200
../input_graphs/mc_er_inputs/er_1600_32.in,9175,5,1600,51200,92.812369,0.116879,13,low,4200
../input_graphs/mc_er_inputs/er_1600_32.in,9964,5,1600,51200,91.100306,2.226636,13,low,4200
../input_graphs/mc_er_inputs/er_1600_32.in,20521,5,1600,51200,90.964996,0.644408,13,low,4200
../input_graphs/mc_er_inputs/er_1600_32.in,24624,5,1600,51200,92.492058,0.870134,13,low,4200
../input_graphs/mc_er_inputs/er_1600_32.in,8552,6,1600,51200,83.359265,9.835915,11,low,4200
../input_graphs/mc_er_inputs/er_1600_32.in,29280,6,1600,51200,73.877514,2.567757,11,low,4200
../input_graphs/mc_er_inputs/er_1600_32.in,14635,6,1600,51200,78.159763,3.082612,11,low,4200
../input_graphs/mc_er_inputs/er_1600_32.in,19070,6,1600,51200,83.356263,0.690269,11,low,4200
../input_graphs/mc_er_inputs/er_1600_32.in,11134,6,1600,51200,77.225129,1.515359,11,low,4200
../input_graphs/mc_er_inputs/er_1600_32.in,30097,8,1600,51200,65.685406,11.338944,8,low,4200
../input_graphs/mc_er_inputs/er_1600_32.in,6846,8,1600,51200,57.793768,3.546341,8,low,4200
../input_graphs/mc_er_inputs/er_1600_32.in,13892,8,1600,51200,60.633686,7.975433,8,low,4200
../input_graphs/mc_er_inputs/er_1600_32.in,24191,8,1600,51200,65.621760,3.342345,8,low,4200
../input_graphs/mc_er_inputs/er_1600_32.in,6144,8,1600,51200,61.506007,7.726375,8,low,4200
../input_graphs/mc_er_inputs/er_1600_32.in,22371,10,1600,51200,59.652542,7.441484,7,low,4200
../input_graphs/mc_er_inputs/er_1600_32.in,24208,10,1600,51200,71.458708,1.898097,7,low,4200
../input_graphs/mc_er_inputs/er_1600_32.in,17051,10,1600,51200,62.577215,0.843852,7,low,4200
../input_graphs/mc_er_inputs/er_1600_32.in,25726,10,1600,51200,59.026892,1.137365,7,low,4200
../input_graphs/mc_er_inputs/er_1600_32.in,8605,10,1600,51200,70.534460,0.429942,7,low,4200
../input_graphs/mc_er_inputs/er_1600_32.in,26686,12,1600,51200,63.620790,13.811925,6,low,4200
../input_graphs/mc_er_inputs/er_1600_32.in,28468,12,1600,51200,62.309287,6.382505,6,low,4200
../input_graphs/mc_er_inputs/er_1600_32.in,17860,12,1600,51200,59.950414,6.542644,6,low,4200
../input_graphs/mc_er_inputs/er_1600_32.in,23513,12,1600,51200,56.806593,12.414057,6,low,4200
../input_graphs/mc_er_inputs/er_1600_32.in,11503,12,1600,51200,57.412882,14.808626,6,low,4200
../input_graphs/mc_er_inputs/er_1600_32.in,8509,16,1600,51200,49.800463,17.416589,4,low,4200
../input_graphs/mc_er_inputs/er_1600_32.in,20088,16,1600,51200,54.094347,20.785333,4,low,4200
../input_graphs/mc_er_inputs/er_1600_32.in,14312,16,1600,51200,54.430190,19.549232,4,low,4200
../input_graphs/mc_er_inputs/er_1600_32.in,25967,16,1600,51200,50.018531,13.923443,4,low,4200
../input_graphs/mc_er_inputs/er_1600_32.in,30096,16,1600,51200,55.062870,19.853199,4,low,4200
../input_graphs/mc_er_inputs/er_1600_32.in,27683,20,1600,51200,62.933197,13.858859,4,low,4200
../input_graphs/mc_er_inputs/er_1600_32.in,5063,20,1600,51200,62.768521,3.945362,4,low,4200
../input_graphs/mc_er_inputs/er_1600_32.in,7309,20,1600,51200,70.217974,21.932822,4,low,4200
../input_graphs/mc_er_inputs/er_1600_32.in,10640,20,1600,51200,88.485895,43.933002,4,low,4200
../input_graphs/mc_er_inputs/er_1600_32.in,26806,20,1600,51200,85.645987,39.307449,4,low,4200
../input_graphs/mc_er_inputs/er_1600_32.in,17644,24,1600,51200,71.284122,32.318564,3,low,4200
../input_graphs/mc_er_inputs/er_1600_32.in,30538,24,1600,51200,51.528914,7.273077,3,low,4200
../input_graphs/mc_er_inputs/er_1600_32.in,13062,24,1600,51200,55.979180,13.372119,3,low,4200
../input_graphs/mc_er_inputs/er_1600_32.in,449,24,1600,51200,66.686467,30.820673,3,low,4200
../input_graphs/mc_er_inputs/er_1600_32.in,25431,24,1600,51200,60.735829,9.031795,3,low,4200
../input_graphs/mc_er_inputs/er_1600_32.in,3319,32,1600,51200,57.493571,17.594851,2,low,4200
../input_graphs/mc_er_inputs/er_1600_32.in,11715,32,1600,51200,69.325913,32.877641,2,low,4200
../input_graphs/mc_er_inputs/er_1600_32.in,4809,32,1600,51200,62.339301,12.408557,2,low,4200
../input_graphs/mc_er_inputs/er_1600_32.in,28368,32,1600,51200,60.530123,21.050881,2,low,4200
../input_graphs/mc_er_inputs/er_1600_32.in,14170,32,1600,51200,55.610807,12.267797,2,low,4200
../input_graphs/mc_er_inputs/er_1600_32.in,11897,40,1600,51200,60.810007,12.888289,2,low,4200
../input_graphs/mc_er_inputs/er_1600_32.in,16776,40,1600,51200,64.824425,10.272269,2,low,4200
../input_graphs/mc_er_inputs/er_1600_32.in,23672,40,1600,51200,45.018458,8.911871,2,low,4200
../input_graphs/mc_er_inputs/er_1600_32.in,24547,40,1600,51200,47.005539,9.857333,2,low,4200
../input_graphs/mc_er_inputs/er_1600_32.in,27572,40,1600,51200,53.439603,13.242562,2,low,4200
