../input_graphs/mc_er_inputs/er_2400_32.in,9970,3,2400,76800,130.344928,0.132516,37,low,4000
../input_graphs/mc_er_inputs/er_2400_32.in,4861,3,2400,76800,135.004431,2.730833,37,low,4000
../input_graphs/mc_er_inputs/er_2400_32.in,14392,3,2400,76800,131.279629,0.133393,37,low,4000
../input_graphs/mc_er_inputs/er_2400_32.in,26638,3,2400,76800,131.456702,5.676457,37,low,4000
../input_graphs/mc_er_inputs/er_2400_32.in,9671,3,2400,76800,131.445502,4.124826,37,low,4000
../input_graphs/mc_er_inputs/er_2400_32.in,20347,4,2400,76800,97.590774,0.166235,28,low,4000
../input_graphs/mc_er_inputs/er_2400_32.in,11360,4,2400,76800,100.823064,0.167847,28,low,4000
../input_graphs/mc_er_inputs/er_2400_32.in,24062,4,2400,76800,98.368481,3.175300,28,low,4000
../input_graphs/mc_er_inputs/er_2400_32.in,1615,4,2400,76800,102.381541,5.940827,28,low,4000
../input_graphs/mc_er_inputs/er_2400_32.in,20049,4,2400,76800,103.402974,6.357109,28,low,4000
../input_graphs/mc_er_inputs/er_2400_32.in,13059,5,2400,76800,88.532739,0.167783,22,low,4000
../input_graphs/mc_er_inputs/er_2400_32.in,13474,5,2400,76800,86.011142,0.887267,22,low,4000
../input_graphs/mc_er_inputs/er_2400_32.in,3231,5,2400,76800,78.879359,0.710927,22,low,4000
../input_graphs/mc_er_inputs/er_2400_32.in,11649,5,2400,76800,82.049183,1.189122,22,low,4000
../input_graphs/mc_er_inputs/er_2400_32.in,5129,5,2400,76800,84.845471,0.166866,22,low,4000
../input_graphs/mc_er_inputs/er_2400_32.in,23830,6,2400,76800,75.833771,5.849640,19,low,4000
../input_graphs/mc_er_inputs/er_2400_32.in,25648,6,2400,76800,92.942596,26.363768,19,low,4000
../input_graphs/mc_er_inputs/er_2400_32.in,18902,6,2400,76800,100.547509,27.770010,19,low,4000
../input_graphs/mc_er_inputs/er_2400_32.in,775,6,2400,76800,80.627490,1.808695,19,low,4000
../input_graphs/mc_er_inputs/er_2400_32.in,25556,6,2400,76800,77.993430,3.673772,19,low,4000
../input_graphs/mc_er_inputs/er_2400_32.in,165,8,2400,76800,64.468922,8.589723,14,low,4000
../input_graphs/mc_er_inputs/er_2400_32.in,28303,8,2400,76800,75.714791,6.892036,14,low,4000
../input_graphs/mc_er_inputs/er_2400_32.in,4754,8,2400,76800,70.142031,14.542175,14,low,4000
../input_graphs/mc_er_inputs/er_2400_32.in,16443,8,2400,76800,58.862214,5.673015,14,low,4000
../input_graphs/mc_er_inputs/er_2400_32.in,676,8,2400,76800,61.690955,9.187042,14,low,4000
../input_graphs/mc_er_inputs/er_2400_32.in,27717,10,2400,76800,54.026310,9.965369,11,low,4000
../input_graphs/mc_er_inputs/er_2400_32.in,18142,10,2400,76800,49.457917,4.325076,11,low,4000
../input_graphs/mc_er_inputs/er_2400_32.in,13254,10,2400,76800,51.043672,7.226286,11,low,4000
../input_graphs/mc_er_inputs/er_2400_32.in,8255,10,2400,76800,48.375222,1.353969,11,low,4000
../input_graphs/mc_er_inputs/er_2400_32.in,6215,10,2400,76800,50.671237,2.569779,11,low,4000
../input_graphs/mc_er_inputs/er_2400_32.in,24909,12,2400,76800,48.025325,2.318377,10,low,4000
../input_graphs/mc_er_inputs/er_2400_32.in,9678,12,2400,76800,51.600807,10.106963,10,low,4000
../input_graphs/mc_er_inputs/er_2400_32.in,8546,12,2400,76800,51.787653,8.580977,10,low,4000
../input_graphs/mc_er_inputs/er_2400_32.in,22220,12,2400,76800,56.516626,13.660035,10,low,4000
../input_graphs/mc_er_inputs/er_2400_32.in,4796,12,2400,76800,57.963836,14.627610,10,low,4000
../input_graphs/mc_er_inputs/er_2400_32.in,4435,16,2400,76800,50.632080,15.082093,7,low,4000
../input_graphs/mc_er_inputs/er_2400_32.in,30575,16,2400,76800,66.576578,30.879582,7,low,4000
../input_graphs/mc_er_inputs/er_2400_32.in,16351,16,2400,76800,45.191337,13.063535,7,low,4000
../input_graphs/mc_er_inputs/er_2400_32.in,27106,16,2400,76800,50.298498,14.735778,7,low,4000
../input_graphs/mc_er_inputs/er_2400_32.in,4699,16,2400,76800,60.786380,26.839413,7,low,4000
../input_graphs/mc_er_inputs/er_2400_32.in,5549,20,2400,76800,50.264562,10.113351,6,low,4000
../input_graphs/mc_er_inputs/er_2400_32.in,8492,20,2400,76800,65.110166,29.573726,6,low,4000
../input_graphs/mc_er_inputs/er_2400_32.in,3487,20,2400,76800,68.646794,19.400231,6,low,4000
../input_graphs/mc_er_inputs/er_2400_32.in,29826,20,2400,76800,53.793023,7.700967,6,low,4000
../input_graphs/mc_er_inputs/er_2400_32.in,9112,20,2400,76800,55.868791,5.379169,6,low,4000
../input_graphs/mc_er_inputs/er_2400_32.in,24631,24,2400,76800,48.266074,4.872050,5,low,4000
../input_graphs/mc_er_inputs/er_2400_32.in,19995,24,2400,76800,48.569907,4.574289,5,low,4000
../input_graphs/mc_er_inputs/er_2400_32.in,29870,24,2400,76800,49.786714,6.749902,5,low,4000
../input_graphs/mc_er_inputs/er_2400_32.in,22184,24,2400,76800,58.389201,21.970180,5,low,4000
../input_graphs/mc_er_inputs/er_2400_32.in,13177,24,2400,76800,59.720325,21.354486,5,low,4000
../input_graphs/mc_er_inputs/er_2400_32.in,22473,32,2400,76800,58.220430,11.908556,4,low,4000
../input_graphs/mc_er_inputs/er_2400_32.in,28664,32,2400,76800,58.428004,15.903092,4,low,4000
../input_graphs/mc_er_inputs/er_2400_32.in,12710,32,2400,76800,57.777675,9.491382,4,low,4000
../input_graphs/mc_er_inputs/er_2400_32.in,14194,32,2400,76800,67.643519,19.524020,4,low,4000
../input_graphs/mc_er_inputs/er_2400_32.in,15846,32,2400,76800,55.425552,11.712962,4,low,4000
../input_graphs/mc_er_inputs/er_2400_32.in,26084,40,2400,76800,62.728394,30.579328,3,low,4000
../input_graphs/mc_er_inputs/er_2400_32.in,26043,40,2400,76800,62.806026,27.330181,3,low,4000
../input_graphs/mc_er_inputs/er_2400_32.in,24320,40,2400,76800,47.476010,4.213751,3,low,4000
../input_graphs/mc_er_inputs/er_2400_32.in,4680,40,2400,76800,51.510500,11.401800,3,low,4000
../input_graphs/mc_er_inputs/er_2400_32.in,19135,40,2400,76800,49.511690,10.677829,3,low,4000
