../input_graphs/mc_er_inputs/er_3200_32.in,3901,3,3200,102400,216.822022,0.193924,49,low,3400
../input_graphs/mc_er_inputs/er_3200_32.in,2511,3,3200,102400,209.243792,0.190893,49,low,3400
../input_graphs/mc_er_inputs/er_3200_32.in,30569,3,3200,102400,201.972425,0.319479,49,low,3400
../input_graphs/mc_er_inputs/er_3200_32.in,4941,3,3200,102400,204.348478,8.875142,49,low,3400
../input_graphs/mc_er_inputs/er_3200_32.in,12550,3,3200,102400,201.693016,0.193692,49,low,3400
../input_graphs/mc_er_inputs/er_3200_32.in,3909,4,3200,102400,163.796764,12.243021,37,low,3400
../input_graphs/mc_er_inputs/er_3200_32.in,4558,4,3200,102400,163.153113,5.332579,37,low,3400
../input_graphs/mc_er_inputs/er_3200_32.in,1370,4,3200,102400,156.336627,0.223661,37,low,3400
../input_graphs/mc_er_inputs/er_3200_32.in,24216,4,3200,102400,156.099286,2.274174,37,low,3400
../input_graphs/mc_er_inputs/er_3200_32.in,21590,4,3200,102400,157.554971,5.950721,37,low,3400
../input_graphs/mc_er_inputs/er_3200_32.in,26405,5,3200,102400,128.204649,4.085608,29,low,3400
../input_graphs/mc_er_inputs/er_3200_32.in,19585,5,3200,102400,129.590510,8.742976,29,low,3400
../input_graphs/mc_er_inputs/er_3200_32.in,25330,5,3200,102400,132.215425,3.106508,29,low,3400
../input_graphs/mc_er_inputs/er_3200_32.in,3958,5,3200,102400,131.823947,3.173456,29,low,3400
../input_graphs/mc_er_inputs/er_3200_32.in,3933,5,3200,102400,132.737601,2.365261,29,low,3400
../input_graphs/mc_er_inputs/er_3200_32.in,14925,6,3200,102400,122.701434,12.256855,25,low,3400
../input_graphs/mc_er_inputs/er_3200_32.in,10554,6,3200,102400,111.672849,0.222728,25,low,3400
../input_graphs/mc_er_inputs/er_3200_32.in,11330,6,3200,102400,115.696289,4.629339,25,low,3400
../input_graphs/mc_er_inputs/er_3200_32.in,9463,6,3200,102400,125.557797,7.899388,25,low,3400
../input_graphs/mc_er_inputs/er_3200_32.in,22048,6,3200,102400,123.153086,11.072611,25,low,3400
../input_graphs/mc_er_inputs/er_3200_32.in,3511,8,3200,102400,103.351757,2.966731,19,low,3400
../input_graphs/mc_er_inputs/er_3200_32.in,32100,8,3200,102400,95.251919,9.984388,19,low,3400
../input_graphs/mc_er_inputs/er_3200_32.in,28949,8,3200,102400,100.632206,19.489938,19,low,3400
../input_graphs/mc_er_inputs/er_3200_32.in,7618,8,3200,102400,93.274045,0.705099,19,low,3400
../input_graphs/mc_er_inputs/er_3200_32.in,17537,8,3200,102400,95.518652,10.319021,19,low,3400
../input_graphs/mc_er_inputs/er_3200_32.in,10106,10,3200,102400,83.395229,12.655285,15,low,3400
../input_graphs/mc_er_inputs/er_3200_32.in,30452,10,3200,102400,79.320310,4.462442,15,low,3400
../input_graphs/mc_er_inputs/er_3200_32.in,3797,10,3200,102400,87.837619,2.927636,15,low,3400
../input_graphs/mc_er_inputs/er_3200_32.in,28585,10,3200,102400,83.678689,1.762726,15,low,3400
../input_graphs/mc_er_inputs/er_3200_32.in,25858,10,3200,102400,85.422603,15.429205,15,low,3400
../input_graphs/mc_er_inputs/er_3200_32.in,7644,12,3200,102400,81.830735,14.188400,13,low,3400
../input_graphs/mc_er_inputs/er_3200_32.in,376,12,3200,102400,76.232900,1.926708,13,low,3400
../input_graphs/mc_er_inputs/er_3200_32.in,28951,12,3200,102400,77.994684,14.218696,13,low,3400
../input_graphs/mc_er_inputs/er_3200_32.in,16765,12,3200,102400,96.005115,5.760594,13,low,3400
../input_graphs/mc_er_inputs/er_3200_32.in,2336,12,3200,102400,100.374378,34.714368,13,low,3400
../input_graphs/mc_er_inputs/er_3200_32.in,14493,16,3200,102400,66.557774,5.128208,10,low,3400
../input_graphs/mc_er_inputs/er_3200_32.in,23163,16,3200,102400,75.769620,16.784948,10,low,3400
../input_graphs/mc_er_inputs/er_3200_32.in,19437,16,3200,102400,70.445644,4.360568,10,low,3400
../input_graphs/mc_er_inputs/er_3200_32.in,18408,16,3200,102400,80.815704,7.794303,10,low,3400
../input_graphs/mc_er_inputs/er_3200_32.in,24943,16,3200,102400,72.286735,7.772597,10,low,3400
../input_graphs/mc_er_inputs/er_3200_32.in,28921,20,3200,102400,80.393465,7.612443,8,low,3400
../input_graphs/mc_er_inputs/er_3200_32.in,7079,20,3200,102400,88.156266,22.146423,8,low,3400
../input_graphs/mc_er_inputs/er_3200_32.in,2963,20,3200,102400,102.845670,29.248395,8,low,3400
../input_graphs/mc_er_inputs/er_3200_32.in,2987,20,3200,102400,94.984252,26.759113,8,low,3400
../input_graphs/mc_er_inputs/er_3200_32.in,15832,20,3200,102400,89.029192,28.736419,8,low,3400
../input_graphs/mc_er_inputs/er_3200_32.in,13712,24,3200,102400,89.959409,10.062324,7,low,3400
../input_graphs/mc_er_inputs/er_3200_32.in,5656,24,3200,102400,88.422901,20.428667,7,low,3400
../input_graphs/mc_er_inputs/er_3200_32.in,11888,24,3200,102400,98.035592,30.928123,7,low,3400
../input_graphs/mc_er_inputs/er_3200_32.in,24948,24,3200,102400,98.259672,31.219858,7,low,3400
../input_graphs/mc_er_inputs/er_3200_32.in,13649,24,3200,102400,94.161546,21.538046,7,low,3400
../input_graphs/mc_er_inputs/er_3200_32.in,2430,32,3200,102400,89.444541,20.119196,5,low,3400
../input_graphs/mc_er_inputs/er_3200_32.in,21954,32,3200,102400,91.078219,31.151510,5,low,3400
../input_graphs/mc_er_inputs/er_3200_32.in,25747,32,3200,102400,87.622154,37.637639,5,low,3400
../input_graphs/mc_er_inputs/er_3200_32.in,32730,32,3200,102400,87.736061,35.475738,5,low,3400
../input_graphs/mc_er_inputs/er_3200_32.in,20161,32,3200,102400,106.898095,49.349568,5,low,3400
../input_graphs/mc_er_inputs/er_3200_32.in,24935,40,3200,102400,103.288644,26.335426,4,low,3400
../input_graphs/mc_er_inputs/er_3200_32.in,23374,40,3200,102400,111.269408,46.658627,4,low,3400
../input_graphs/mc_er_inputs/er_3200_32.in,28816,40,3200,102400,105.300218,37.036413,4,low,3400
../input_graphs/mc_er_inputs/er_3200_32.in,25,40,3200,102400,98.400135,30.454437,4,low,3400
../input_graphs/mc_er_inputs/er_3200_32.in,5187,40,3200,102400,95.509917,18.581209,4,low,3400
