../input_graphs/mc_er_inputs//er_3200_32.in,5036,3,3200,102400,165.644459,1.006877,49,low,3400
../input_graphs/mc_er_inputs//er_3200_32.in,13329,3,3200,102400,166.114126,2.009773,49,low,3400
../input_graphs/mc_er_inputs//er_3200_32.in,22800,3,3200,102400,163.988550,0.363361,49,low,3400
../input_graphs/mc_er_inputs//er_3200_32.in,22797,3,3200,102400,169.540094,6.258015,49,low,3400
../input_graphs/mc_er_inputs//er_3200_32.in,4984,3,3200,102400,166.628267,3.334600,49,low,3400
../input_graphs/mc_er_inputs//er_3200_32.in,22645,4,3200,102400,127.402174,3.880649,37,low,3400
../input_graphs/mc_er_inputs//er_3200_32.in,4659,4,3200,102400,123.734117,1.224374,37,low,3400
../input_graphs/mc_er_inputs//er_3200_32.in,21606,4,3200,102400,125.293461,2.442160,37,low,3400
../input_graphs/mc_er_inputs//er_3200_32.in,29871,4,3200,102400,125.155914,0.223747,37,low,3400
../input_graphs/mc_er_inputs//er_3200_32.in,5025,4,3200,102400,126.066188,0.218266,37,low,3400
../input_graphs/mc_er_inputs//er_3200_32.in,14732,5,3200,102400,97.649553,1.515986,29,low,3400
../input_graphs/mc_er_inputs//er_3200_32.in,19784,5,3200,102400,100.479234,6.949686,29,low,3400
../input_graphs/mc_er_inputs//er_3200_32.in,20154,5,3200,102400,100.415730,2.160427,29,low,3400
../input_graphs/mc_er_inputs//er_3200_32.in,8709,5,3200,102400,101.305707,2.660926,29,low,3400
../input_graphs/mc_er_inputs//er_3200_32.in,12584,5,3200,102400,99.213195,0.936661,29,low,3400
../input_graphs/mc_er_inputs//er_3200_32.in,27989,6,3200,102400,86.223381,1.607833,25,low,3400
../input_graphs/mc_er_inputs//er_3200_32.in,29393,6,3200,102400,85.794112,1.004431,25,low,3400
../input_graphs/mc_er_inputs//er_3200_32.in,5587,6,3200,102400,86.402868,2.831183,25,low,3400
../input_graphs/mc_er_inputs//er_3200_32.in,27043,6,3200,102400,86.102808,2.020648,25,low,3400
../input_graphs/mc_er_inputs//er_3200_32.in,32662,6,3200,102400,85.323796,2.471021,25,low,3400
../input_graphs/mc_er_inputs//er_3200_32.in,28228,8,3200,102400,65.290131,2.017671,19,low,3400
../input_graphs/mc_er_inputs//er_3200_32.in,17458,8,3200,102400,65.663683,0.299219,19,low,3400
../input_graphs/mc_er_inputs//er_3200_32.in,22844,8,3200,102400,65.507744,3.669215,19,low,3400
../input_graphs/mc_er_inputs//er_3200_32.in,8813,8,3200,102400,65.457101,2.041703,19,low,3400
../input_graphs/mc_er_inputs//er_3200_32.in,22126,8,3200,102400,65.696719,2.553860,19,low,3400
../input_graphs/mc_er_inputs//er_3200_32.in,3920,10,3200,102400,52.048282,1.445339,15,low,3400
../input_graphs/mc_er_inputs//er_3200_32.in,2570,10,3200,102400,52.253760,0.657376,15,low,3400
../input_graphs/mc_er_inputs//er_3200_32.in,7461,10,3200,102400,52.129050,4.266659,15,low,3400
../input_graphs/mc_er_inputs//er_3200_32.in,1296,10,3200,102400,51.739990,1.990707,15,low,3400
../input_graphs/mc_er_inputs//er_3200_32.in,26964,10,3200,102400,52.864962,0.557109,15,low,3400
../input_graphs/mc_er_inputs//er_3200_32.in,13223,12,3200,102400,45.266929,3.770358,13,low,3400
../input_graphs/mc_er_inputs//er_3200_32.in,21587,12,3200,102400,45.706672,2.830500,13,low,3400
../input_graphs/mc_er_inputs//er_3200_32.in,8966,12,3200,102400,45.820260,1.298228,13,low,3400
../input_graphs/mc_er_inputs//er_3200_32.in,1648,12,3200,102400,45.946072,1.072448,13,low,3400
../input_graphs/mc_er_inputs//er_3200_32.in,21373,12,3200,102400,45.980981,3.050579,13,low,3400
../input_graphs/mc_er_inputs//er_3200_32.in,26493,16,3200,102400,36.036832,1.942056,10,low,3400
../input_graphs/mc_er_inputs//er_3200_32.in,22271,16,3200,102400,38.324769,3.580962,10,low,3400
../input_graphs/mc_er_inputs//er_3200_32.in,5200,16,3200,102400,36.257588,2.300034,10,low,3400
../input_graphs/mc_er_inputs//er_3200_32.in,8402,16,3200,102400,41.141170,8.830720,10,low,3400
../input_graphs/mc_er_inputs//er_3200_32.in,31573,16,3200,102400,37.959997,3.207779,10,low,3400
