../input_graphs/mc_rmat_inputs/rmat_1600_640000.in,25838,3,1600,640000,1093.736431,1.289581,3,low,11
../input_graphs/mc_rmat_inputs/rmat_1600_640000.in,18898,3,1600,640000,1095.475107,151.356127,3,low,11
../input_graphs/mc_rmat_inputs/rmat_1600_640000.in,8693,3,1600,640000,1070.844905,23.974066,3,low,11
../input_graphs/mc_rmat_inputs/rmat_1600_640000.in,1753,3,1600,640000,1101.508360,1.291919,3,low,11
../input_graphs/mc_rmat_inputs/rmat_1600_640000.in,13163,3,1600,640000,1087.163469,2.889999,3,low,11
../input_graphs/mc_rmat_inputs/rmat_1600_640000.in,15727,4,1600,640000,724.662004,1.326375,2,low,11
../input_graphs/mc_rmat_inputs/rmat_1600_640000.in,26119,4,1600,640000,724.571679,1.322627,2,low,11
../input_graphs/mc_rmat_inputs/rmat_1600_640000.in,23673,4,1600,640000,722.437343,93.818858,2,low,11
../input_graphs/mc_rmat_inputs/rmat_1600_640000.in,15062,4,1600,640000,739.126348,85.585152,2,low,11
../input_graphs/mc_rmat_inputs/rmat_1600_640000.in,20678,4,1600,640000,720.424965,161.246552,2,low,11
../input_graphs/mc_rmat_inputs/rmat_1600_640000.in,11497,5,1600,640000,800.939954,77.263892,2,low,11
../input_graphs/mc_rmat_inputs/rmat_1600_640000.in,552,5,1600,640000,803.773362,63.810447,2,low,11
../input_graphs/mc_rmat_inputs/rmat_1600_640000.in,14964,5,1600,640000,829.316960,136.920047,2,low,11
../input_graphs/mc_rmat_inputs/rmat_1600_640000.in,12908,5,1600,640000,821.818193,80.074963,2,low,11
../input_graphs/mc_rmat_inputs/rmat_1600_640000.in,30962,5,1600,640000,750.111975,26.291423,2,low,11
../input_graphs/mc_rmat_inputs/rmat_1600_640000.in,30956,6,1600,640000,801.999323,58.629620,2,low,11
../input_graphs/mc_rmat_inputs/rmat_1600_640000.in,32172,6,1600,640000,889.876316,1.334058,2,low,11
../input_graphs/mc_rmat_inputs/rmat_1600_640000.in,13303,6,1600,640000,839.734781,67.195483,2,low,11
../input_graphs/mc_rmat_inputs/rmat_1600_640000.in,11242,6,1600,640000,851.764962,166.493338,2,low,11
../input_graphs/mc_rmat_inputs/rmat_1600_640000.in,18879,6,1600,640000,832.994901,159.909602,2,low,11
../input_graphs/mc_rmat_inputs/rmat_1600_640000.in,18200,8,1600,640000,427.907392,17.818359,1,low,11
../input_graphs/mc_rmat_inputs/rmat_1600_640000.in,32330,8,1600,640000,485.150496,86.033431,1,low,11
../input_graphs/mc_rmat_inputs/rmat_1600_640000.in,27389,8,1600,640000,436.685517,6.380469,1,low,11
../input_graphs/mc_rmat_inputs/rmat_1600_640000.in,7580,8,1600,640000,446.808314,199.957903,1,low,11
../input_graphs/mc_rmat_inputs/rmat_1600_640000.in,6488,8,1600,640000,442.649477,2.603878,1,low,11
../input_graphs/mc_rmat_inputs/rmat_1600_640000.in,5291,10,1600,640000,564.854144,118.298478,1,low,11
../input_graphs/mc_rmat_inputs/rmat_1600_640000.in,30965,10,1600,640000,622.509651,118.852045,1,low,11
../input_graphs/mc_rmat_inputs/rmat_1600_640000.in,9661,10,1600,640000,538.847942,112.715924,1,low,11
../input_graphs/mc_rmat_inputs/rmat_1600_640000.in,14224,10,1600,640000,539.466093,121.079959,1,low,11
../input_graphs/mc_rmat_inputs/rmat_1600_640000.in,4079,10,1600,640000,567.027453,97.951413,1,low,11
../input_graphs/mc_rmat_inputs/rmat_1600_640000.in,20274,12,1600,640000,528.971465,21.085708,1,low,11
../input_graphs/mc_rmat_inputs/rmat_1600_640000.in,23577,12,1600,640000,540.546484,106.476405,1,low,11
../input_graphs/mc_rmat_inputs/rmat_1600_640000.in,32299,12,1600,640000,536.396230,100.430447,1,low,11
../input_graphs/mc_rmat_inputs/rmat_1600_640000.in,19869,12,1600,640000,583.887078,3.713606,1,low,11
../input_graphs/mc_rmat_inputs/rmat_1600_640000.in,3581,12,1600,640000,632.857260,95.816613,1,low,11
../input_graphs/mc_rmat_inputs/rmat_1600_640000.in,31949,16,1600,640000,150.463717,4.979863,1,high,11
../input_graphs/mc_rmat_inputs/rmat_1600_640000.in,4417,16,1600,640000,143.292686,5.310491,1,high,11
../input_graphs/mc_rmat_inputs/rmat_1600_640000.in,23637,16,1600,640000,145.442054,1.842160,1,high,11
../input_graphs/mc_rmat_inputs/rmat_1600_640000.in,30930,16,1600,640000,162.213168,5.130769,1,high,11
../input_graphs/mc_rmat_inputs/rmat_1600_640000.in,9690,16,1600,640000,170.563145,15.683382,1,high,11
../input_graphs/mc_rmat_inputs/rmat_1600_640000.in,14232,20,1600,640000,231.026487,34.352555,1,high,11
../input_graphs/mc_rmat_inputs/rmat_1600_640000.in,24173,20,1600,640000,204.704928,14.149350,1,high,11
../input_graphs/mc_rmat_inputs/rmat_1600_640000.in,21933,20,1600,640000,202.444810,41.313938,1,high,11
../input_graphs/mc_rmat_inputs/rmat_1600_640000.in,937,20,1600,640000,222.833766,58.650488,1,high,11
../input_graphs/mc_rmat_inputs/rmat_1600_640000.in,32509,20,1600,640000,230.207230,52.265702,1,high,11
../input_graphs/mc_rmat_inputs/rmat_1600_640000.in,8416,24,1600,640000,245.885535,8.771422,1,high,11
../input_graphs/mc_rmat_inputs/rmat_1600_640000.in,32664,24,1600,640000,253.792249,14.446665,1,high,11
../input_graphs/mc_rmat_inputs/rmat_1600_640000.in,2063,24,1600,640000,256.770913,34.445135,1,high,11
../input_graphs/mc_rmat_inputs/rmat_1600_640000.in,19944,24,1600,640000,259.239704,67.235796,1,high,11
../input_graphs/mc_rmat_inputs/rmat_1600_640000.in,16156,24,1600,640000,265.020683,88.307606,1,high,11
../input_graphs/mc_rmat_inputs/rmat_1600_640000.in,20092,32,1600,640000,122.404936,23.208609,1,high,11
../input_graphs/mc_rmat_inputs/rmat_1600_640000.in,22932,32,1600,640000,127.601559,12.930402,1,high,11
../input_graphs/mc_rmat_inputs/rmat_1600_640000.in,12806,32,1600,640000,114.701012,11.324822,1,high,11
../input_graphs/mc_rmat_inputs/rmat_1600_640000.in,16680,32,1600,640000,124.729708,4.897455,1,high,11
../input_graphs/mc_rmat_inputs/rmat_1600_640000.in,18862,32,1600,640000,124.052159,8.132405,1,high,11
../input_graphs/mc_rmat_inputs/rmat_1600_640000.in,21681,40,1600,640000,146.986446,31.087369,1,high,11
../input_graphs/mc_rmat_inputs/rmat_1600_640000.in,22294,40,1600,640000,161.750010,50.964312,1,high,11
../input_graphs/mc_rmat_inputs/rmat_1600_640000.in,25985,40,1600,640000,151.500191,35.461953,1,high,11
../input_graphs/mc_rmat_inputs/rmat_1600_640000.in,605,40,1600,640000,144.383061,20.223470,1,high,11
../input_graphs/mc_rmat_inputs/rmat_1600_640000.in,18562,40,1600,640000,145.434098,28.274038,1,high,11
