../input_graphs/mc_ws_inputs//ws_3200_64.in,10949,3,3200,102400,152.121825,0.192265,49,low,5000
../input_graphs/mc_ws_inputs//ws_3200_64.in,11239,3,3200,102400,152.936475,2.721056,49,low,5000
../input_graphs/mc_ws_inputs//ws_3200_64.in,22642,3,3200,102400,153.942048,0.978597,49,low,5000
../input_graphs/mc_ws_inputs//ws_3200_64.in,17112,3,3200,102400,154.324083,0.191746,49,low,5000
../input_graphs/mc_ws_inputs//ws_3200_64.in,10167,3,3200,102400,154.108112,0.191261,49,low,5000
../input_graphs/mc_ws_inputs//ws_3200_64.in,30932,4,3200,102400,116.326430,6.294237,37,low,5000
../input_graphs/mc_ws_inputs//ws_3200_64.in,14935,4,3200,102400,116.312735,5.002713,37,low,5000
../input_graphs/mc_ws_inputs//ws_3200_64.in,20413,4,3200,102400,115.392602,3.069520,37,low,5000
../input_graphs/mc_ws_inputs//ws_3200_64.in,11029,4,3200,102400,117.224638,2.500521,37,low,5000
../input_graphs/mc_ws_inputs//ws_3200_64.in,2790,4,3200,102400,115.696674,4.668106,37,low,5000
../input_graphs/mc_ws_inputs//ws_3200_64.in,14823,5,3200,102400,90.791902,1.970155,29,low,5000
../input_graphs/mc_ws_inputs//ws_3200_64.in,7126,5,3200,102400,91.899628,1.143678,29,low,5000
../input_graphs/mc_ws_inputs//ws_3200_64.in,14584,5,3200,102400,92.089011,2.573017,29,low,5000
../input_graphs/mc_ws_inputs//ws_3200_64.in,23576,5,3200,102400,91.365492,0.621872,29,low,5000
../input_graphs/mc_ws_inputs//ws_3200_64.in,25321,5,3200,102400,90.909196,1.487274,29,low,5000
../input_graphs/mc_ws_inputs//ws_3200_64.in,15176,6,3200,102400,79.371527,1.303597,25,low,5000
../input_graphs/mc_ws_inputs//ws_3200_64.in,2899,6,3200,102400,79.191563,1.680722,25,low,5000
../input_graphs/mc_ws_inputs//ws_3200_64.in,3438,6,3200,102400,78.629098,0.724620,25,low,5000
../input_graphs/mc_ws_inputs//ws_3200_64.in,17638,6,3200,102400,78.518814,2.133486,25,low,5000
../input_graphs/mc_ws_inputs//ws_3200_64.in,27587,6,3200,102400,77.602504,0.192957,25,low,5000
../input_graphs/mc_ws_inputs//ws_3200_64.in,28177,8,3200,102400,60.272610,1.426876,19,low,5000
../input_graphs/mc_ws_inputs//ws_3200_64.in,12674,8,3200,102400,61.020469,2.468861,19,low,5000
../input_graphs/mc_ws_inputs//ws_3200_64.in,25530,8,3200,102400,61.789997,3.217412,19,low,5000
../input_graphs/mc_ws_inputs//ws_3200_64.in,24379,8,3200,102400,60.944708,1.635367,19,low,5000
../input_graphs/mc_ws_inputs//ws_3200_64.in,18934,8,3200,102400,60.815469,4.080112,19,low,5000
../input_graphs/mc_ws_inputs//ws_3200_64.in,23236,10,3200,102400,48.223197,1.548184,15,low,5000
../input_graphs/mc_ws_inputs//ws_3200_64.in,13927,10,3200,102400,48.257606,2.930387,15,low,5000
../input_graphs/mc_ws_inputs//ws_3200_64.in,18013,10,3200,102400,48.536514,2.355579,15,low,5000
../input_graphs/mc_ws_inputs//ws_3200_64.in,10019,10,3200,102400,48.611650,3.207556,15,low,5000
../input_graphs/mc_ws_inputs//ws_3200_64.in,30170,10,3200,102400,47.777724,1.587533,15,low,5000
../input_graphs/mc_ws_inputs//ws_3200_64.in,20771,12,3200,102400,42.503038,3.840201,13,low,5000
../input_graphs/mc_ws_inputs//ws_3200_64.in,832,12,3200,102400,42.501281,1.717253,13,low,5000
../input_graphs/mc_ws_inputs//ws_3200_64.in,28617,12,3200,102400,42.816264,2.246929,13,low,5000
../input_graphs/mc_ws_inputs//ws_3200_64.in,30230,12,3200,102400,42.784776,1.993254,13,low,5000
../input_graphs/mc_ws_inputs//ws_3200_64.in,19577,12,3200,102400,41.752590,0.690608,13,low,5000
../input_graphs/mc_ws_inputs//ws_3200_64.in,13878,16,3200,102400,36.544782,5.040987,10,low,5000
../input_graphs/mc_ws_inputs//ws_3200_64.in,17078,16,3200,102400,36.593989,4.988632,10,low,5000
../input_graphs/mc_ws_inputs//ws_3200_64.in,15880,16,3200,102400,36.007092,5.721265,10,low,5000
../input_graphs/mc_ws_inputs//ws_3200_64.in,15704,16,3200,102400,36.433588,4.976260,10,low,5000
../input_graphs/mc_ws_inputs//ws_3200_64.in,1997,16,3200,102400,35.904547,4.997418,10,low,5000
