../input_graphs/mc_ws_inputs//ws_4800_96.in,19504,3,4800,230400,213.125883,25.669165,54,low,8000
../input_graphs/mc_ws_inputs//ws_4800_96.in,27287,3,4800,230400,215.158885,7.267194,54,low,8000
../input_graphs/mc_ws_inputs//ws_4800_96.in,25085,3,4800,230400,209.349735,5.517312,54,low,8000
../input_graphs/mc_ws_inputs//ws_4800_96.in,27145,3,4800,230400,216.413711,0.453559,54,low,8000
../input_graphs/mc_ws_inputs//ws_4800_96.in,13322,3,4800,230400,210.128663,1.963946,54,low,8000
../input_graphs/mc_ws_inputs//ws_4800_96.in,11182,4,4800,230400,156.834558,0.783393,41,low,8000
../input_graphs/mc_ws_inputs//ws_4800_96.in,14510,4,4800,230400,161.985792,2.452791,41,low,8000
../input_graphs/mc_ws_inputs//ws_4800_96.in,18890,4,4800,230400,157.544384,9.530674,41,low,8000
../input_graphs/mc_ws_inputs//ws_4800_96.in,7764,4,4800,230400,163.571474,6.906862,41,low,8000
../input_graphs/mc_ws_inputs//ws_4800_96.in,10414,4,4800,230400,161.943543,22.230241,41,low,8000
../input_graphs/mc_ws_inputs//ws_4800_96.in,16288,5,4800,230400,132.255054,8.631364,33,low,8000
../input_graphs/mc_ws_inputs//ws_4800_96.in,15073,5,4800,230400,128.120409,9.122956,33,low,8000
../input_graphs/mc_ws_inputs//ws_4800_96.in,14514,5,4800,230400,131.303611,3.447482,33,low,8000
../input_graphs/mc_ws_inputs//ws_4800_96.in,23165,5,4800,230400,131.214344,9.168137,33,low,8000
../input_graphs/mc_ws_inputs//ws_4800_96.in,26081,5,4800,230400,132.439113,8.006807,33,low,8000
../input_graphs/mc_ws_inputs//ws_4800_96.in,13782,6,4800,230400,112.712023,10.981664,27,low,8000
../input_graphs/mc_ws_inputs//ws_4800_96.in,30891,6,4800,230400,105.226919,3.006203,27,low,8000
../input_graphs/mc_ws_inputs//ws_4800_96.in,22726,6,4800,230400,108.770547,1.526265,27,low,8000
../input_graphs/mc_ws_inputs//ws_4800_96.in,13692,6,4800,230400,111.653259,3.529763,27,low,8000
../input_graphs/mc_ws_inputs//ws_4800_96.in,31364,6,4800,230400,112.221505,6.713726,27,low,8000
../input_graphs/mc_ws_inputs//ws_4800_96.in,31288,8,4800,230400,84.424640,8.035878,21,low,8000
../input_graphs/mc_ws_inputs//ws_4800_96.in,3005,8,4800,230400,86.462254,8.973565,21,low,8000
../input_graphs/mc_ws_inputs//ws_4800_96.in,12104,8,4800,230400,80.430329,0.957238,21,low,8000
../input_graphs/mc_ws_inputs//ws_4800_96.in,23316,8,4800,230400,87.627435,6.201447,21,low,8000
../input_graphs/mc_ws_inputs//ws_4800_96.in,11324,8,4800,230400,89.144531,4.210047,21,low,8000
../input_graphs/mc_ws_inputs//ws_4800_96.in,6188,10,4800,230400,69.665401,8.346405,17,low,8000
../input_graphs/mc_ws_inputs//ws_4800_96.in,62,10,4800,230400,71.063327,1.202814,17,low,8000
../input_graphs/mc_ws_inputs//ws_4800_96.in,4937,10,4800,230400,68.825870,5.986545,17,low,8000
../input_graphs/mc_ws_inputs//ws_4800_96.in,23184,10,4800,230400,72.192681,15.000189,17,low,8000
../input_graphs/mc_ws_inputs//ws_4800_96.in,21009,10,4800,230400,71.049787,11.311786,17,low,8000
../input_graphs/mc_ws_inputs//ws_4800_96.in,29731,12,4800,230400,58.834584,3.967137,14,low,8000
../input_graphs/mc_ws_inputs//ws_4800_96.in,22289,12,4800,230400,61.472638,6.892392,14,low,8000
../input_graphs/mc_ws_inputs//ws_4800_96.in,15125,12,4800,230400,58.171599,11.478943,14,low,8000
../input_graphs/mc_ws_inputs//ws_4800_96.in,3120,12,4800,230400,58.619954,5.864868,14,low,8000
../input_graphs/mc_ws_inputs//ws_4800_96.in,17741,12,4800,230400,62.399730,8.527294,14,low,8000
../input_graphs/mc_ws_inputs//ws_4800_96.in,30080,16,4800,230400,49.905834,12.167741,11,low,8000
../input_graphs/mc_ws_inputs//ws_4800_96.in,22208,16,4800,230400,50.416428,8.496276,11,low,8000
../input_graphs/mc_ws_inputs//ws_4800_96.in,10,16,4800,230400,54.424597,12.866050,11,low,8000
../input_graphs/mc_ws_inputs//ws_4800_96.in,12412,16,4800,230400,53.870032,6.697509,11,low,8000
../input_graphs/mc_ws_inputs//ws_4800_96.in,10419,16,4800,230400,52.160443,7.283114,11,low,8000
